Classification Report:
              precision    recall  f1-score   support

           0       0.67      0.65      0.66        91
           1       0.85      0.80      0.82        98
           2       0.85      0.74      0.79       102
           3       0.69      0.64      0.67       103
           4       0.60      0.64      0.62        83
           5       0.61      0.83      0.71        84
           6       0.61      0.75      0.67        83
           7       0.79      0.71      0.75       120
           8       0.85      0.78      0.81       129
           9       0.52      0.52      0.52       102

    accuracy                           0.70       995
   macro avg       0.70      0.70      0.70       995
weighted avg       0.72      0.70      0.71       995
